1403636866.351666 1.865161 1.865140 0.193585 0.050656 0.003063 0.002123 
1403636866.601666 1.905145 1.905118 0.196479 0.058483 0.003125 0.002540 
1403636867.001667 1.931912 1.931883 0.199069 0.058362 0.003587 0.002673 
1403636867.451666 2.073965 2.073935 0.213688 0.058236 0.003843 0.002875 
1403636867.801666 2.172079 2.172037 0.223060 0.060470 0.008847 0.003862 
1403636868.201667 2.232919 2.232800 0.229021 0.060658 0.020436 0.004272 
1403636868.601666 2.320390 2.320142 0.237528 0.061507 0.032516 0.004294 
1403636869.901667 4.937681 4.937056 0.500763 0.087209 0.056662 0.004311 
1403636870.801666 13.617845 13.617285 1.380842 0.095756 0.058860 0.009048 
1403636871.601666 14.894801 14.894492 1.510338 0.142544 0.095146 0.052626 
1403636872.501667 16.070776 16.070553 1.629569 0.166290 0.097387 0.066040 
1403636873.051666 16.455803 16.455563 1.668609 0.178371 0.098005 0.068829 
1403636873.701667 16.591192 16.590946 1.682342 0.180612 0.097712 0.068592 
1403636874.751667 17.549612 17.549417 1.779541 0.220418 0.100124 0.075414 
1403636875.251667 18.002377 18.002188 1.825447 0.222432 0.101192 0.076229 
1403636875.851666 18.075739 18.075554 1.832879 0.224169 0.103040 0.078268 
1403636876.451666 18.200678 18.200500 1.845555 0.225227 0.121730 0.101913 
1403636876.951666 18.273092 18.272915 1.852907 0.231803 0.138942 0.129117 
1403636877.401667 18.303415 18.303236 1.855984 0.237676 0.141447 0.134122 
1403636878.001667 18.356699 18.356512 1.861378 0.241083 0.142974 0.134412 
1403636878.501667 18.428648 18.428463 1.868669 0.246580 0.143154 0.135879 
1403636879.451666 18.738739 18.738560 1.900092 0.255952 0.159403 0.149018 
1403636880.751667 23.211716 23.211151 2.352920 0.345103 0.246785 0.190456 
1403636881.551666 25.587530 25.586887 2.593729 0.353743 0.253387 0.212586 
