1403636866.351666 -0.221877 9.257226 3.238925 -0.199751 9.046666 3.788672 
1403636866.601666 -0.104361 9.354705 2.952068 -0.197520 9.047070 3.787827 
1403636867.001667 -0.166550 9.323344 3.046904 -0.197852 9.046941 3.788115 
1403636867.451666 -0.161451 9.286808 3.156776 -0.197621 9.047794 3.786088 
1403636867.801666 -0.090254 9.131119 3.584778 -0.197213 9.047763 3.786186 
1403636868.201667 -0.438065 8.974925 3.936360 -0.197446 9.046882 3.788278 
1403636868.601666 -0.356301 9.007620 3.869359 -0.196218 9.046408 3.789473 
1403636869.901667 -0.181443 9.013563 3.867668 -0.200764 9.030470 3.827064 
1403636870.801666 0.303694 9.022265 3.839610 -0.207280 9.022986 3.844329 
1403636871.601666 0.102438 9.022887 3.848782 -0.199597 9.028438 3.831917 
1403636872.501667 0.129507 9.011000 3.875722 -0.204713 9.026189 3.836942 
1403636873.051666 0.073262 9.005512 3.889922 -0.203166 9.026836 3.835499 
1403636873.701667 -0.015303 8.979548 3.950138 -0.213296 9.029494 3.828686 
1403636874.751667 -0.139279 8.978018 3.951189 -0.210750 9.028608 3.830917 
1403636875.251667 -0.107489 8.974436 3.960309 -0.211436 9.028599 3.830901 
1403636875.851666 -0.071776 8.970785 3.969379 -0.211149 9.028544 3.831047 
1403636876.451666 -0.047714 8.983841 3.940107 -0.212768 9.027959 3.832336 
1403636876.951666 -0.079452 8.999367 3.903996 -0.215716 9.029129 3.829414 
1403636877.401667 -0.088120 9.001266 3.899431 -0.210950 9.029249 3.829395 
1403636878.001667 -0.103043 8.997579 3.907565 -0.209072 9.028207 3.831955 
1403636878.501667 -0.085603 8.997856 3.907348 -0.209631 9.030967 3.825415 
1403636879.451666 -0.158869 8.999423 3.901442 -0.209768 9.030175 3.827276 
1403636880.751667 -0.212292 9.022688 3.844755 -0.203052 9.034364 3.817742 
1403636881.551666 -0.207678 9.022440 3.845588 -0.203340 9.038125 3.808813 
