1403636866.351666 4.275229 4.341572 
1403636866.601666 4.280703 4.393147 
1403636867.001667 4.318582 4.420940 
1403636867.451666 4.346925 4.434216 
1403636867.801666 4.400824 4.423853 
1403636868.201667 4.441827 4.427445 
1403636868.601666 4.434602 4.432261 
1403636869.901667 4.447969 4.464904 
1403636870.801666 4.452022 4.460599 
1403636871.601666 4.505205 4.531451 
1403636872.501667 4.471570 4.494708 
1403636873.051666 4.508191 4.515050 
1403636873.701667 4.445248 4.426695 
1403636874.751667 4.448758 4.419483 
1403636875.251667 4.430588 4.401342 
1403636875.851666 4.424343 4.396648 
1403636876.451666 4.402782 4.386705 
1403636876.951666 4.386980 4.367464 
1403636877.401667 4.395218 4.376498 
1403636878.001667 4.397360 4.376605 
1403636878.501667 4.410105 4.386731 
1403636879.451666 4.470516 4.446459 
1403636880.751667 4.529946 4.502136 
1403636881.551666 4.600281 4.579877 
